<CONNECTED>
49500,17000,0,5780,5654,-0.832
49600,17000,0,5834,5653,-0.832
49700,17000,0,5868,5643,-0.836
49800,17000,0,5901,5658,-0.830
49900,17000,0,5933,5648,-0.834
50000,17000,0,5981,5647,-0.834
50100,17000,0,5969,5653,-0.832
50200,17000,0,6074,5646,-0.835
50300,17000,0,6035,5651,-0.833
50400,17000,0,6106,5641,-0.837
50500,17000,0,6123,5650,-0.833
50600,17000,0,6143,5654,-0.832
50700,17000,0,6231,5651,-0.833
50800,17000,0,6139,5657,-0.831
50900,17000,0,6071,5644,-0.836
51000,17000,0,6125,5648,-0.834
51100,17000,0,6157,5643,-0.836
51200,17000,0,6194,5651,-0.833
51300,17000,0,6207,5648,-0.834
51400,17000,0,6237,5649,-0.834
51500,17000,0,6275,5642,-0.836
51600,17000,0,6302,5652,-0.832
51700,17000,0,6291,5634,-0.839
51800,17000,0,6319,5648,-0.834
51900,17000,0,6342,5651,-0.833
52000,17000,0,6353,5650,-0.833
52100,17000,0,6407,5658,-0.830
52200,17000,0,6392,5648,-0.834
52300,17000,0,6413,5642,-0.836
52400,17000,0,6449,5643,-0.836
52500,17000,0,6428,5644,-0.836
52600,17000,0,6444,5649,-0.834
52700,17000,0,6382,5650,-0.833
52800,17000,0,6441,5660,-0.829
52900,17000,0,6437,5650,-0.833
53000,17000,0,6452,5643,-0.836
53100,17000,0,6465,5653,-0.832
53200,17000,0,6463,5651,-0.833
53300,17000,0,6430,5659,-0.830
53400,17000,0,6449,5659,-0.830
53500,17000,0,6460,5650,-0.833
53600,17000,0,6456,5649,-0.834
53700,17000,0,6444,5648,-0.834
53800,17000,0,6446,5641,-0.837
53900,17000,0,6457,5651,-0.833
54000,17000,0,6507,5642,-0.836
54100,17000,0,6479,5642,-0.836
54200,17000,0,6485,5650,-0.833
54300,17000,0,6461,5650,-0.833
54400,17000,0,6462,5646,-0.835
54500,17000,0,6513,5646,-0.835
54600,17000,0,6479,5654,-0.832
54700,17000,0,6569,5651,-0.833
54800,17000,0,6519,5640,-0.837
54900,17000,0,6517,5658,-0.830
<DISCONNECTED>
