<CONNECTED>
80600,17000,0,1024,3478,-1.666
80700,17000,0,975,3474,-1.668
80800,17000,0,1031,3477,-1.667
80900,17000,0,1087,3472,-1.669
81000,17000,0,1045,3475,-1.667
81100,17000,0,1013,3480,-1.665
81200,17000,0,977,3478,-1.666
81300,17000,0,1063,3474,-1.668
81400,17000,0,1140,3472,-1.669
81500,17000,0,1185,3478,-1.666
81600,17000,0,1166,3475,-1.667
81700,17000,0,1323,3474,-1.668
81800,17000,0,1325,3470,-1.669
81900,17000,0,1413,3490,-1.662
82000,17000,0,1429,3480,-1.665
82100,17000,0,1462,3478,-1.666
82200,17000,0,1479,3472,-1.669
82300,17000,0,1493,3478,-1.666
82400,17000,0,1467,3480,-1.665
82500,17000,0,1550,3474,-1.668
82600,17000,0,1613,3470,-1.669
82700,17000,0,1617,3477,-1.667
82800,17000,0,1663,3470,-1.669
82900,17000,0,1615,3478,-1.666
83000,17000,0,1660,3480,-1.665
83100,17000,0,1647,3480,-1.665
83200,17000,0,1698,3480,-1.665
83300,17000,0,1711,3471,-1.669
83400,17000,0,1645,3469,-1.670
83500,17000,0,1737,3478,-1.666
83600,17000,0,1708,3484,-1.664
83700,17000,0,1757,3482,-1.665
83800,17000,0,1823,3474,-1.668
83900,17000,0,1887,3476,-1.667
84000,17000,0,1924,3480,-1.665
84100,17000,0,1900,3478,-1.666
84200,17000,0,1892,3466,-1.671
84300,17000,0,1877,3480,-1.665
84400,17000,0,1863,3474,-1.668
84500,17000,0,1869,3473,-1.668
84600,17000,0,1886,3472,-1.669
84700,17000,0,2191,3473,-1.668
84800,17000,0,3140,3474,-1.668
84900,17000,0,3029,3480,-1.665
85000,17000,0,2983,3476,-1.667
85100,17000,0,2978,3475,-1.667
85200,17000,0,2933,3484,-1.664
85300,17000,0,2940,3478,-1.666
85400,17000,0,2914,3473,-1.668
85500,17000,0,2943,3480,-1.665
85600,17000,0,2957,3480,-1.665
85700,17000,0,2957,3475,-1.667
85800,17000,0,2935,3473,-1.668
85900,17000,0,2953,3480,-1.665
86000,17000,0,2834,3478,-1.666
86100,17000,0,2917,3476,-1.667
86200,17000,0,2901,3488,-1.662
86300,17000,0,2895,3480,-1.665
86400,17000,0,2815,3475,-1.667
86500,17000,0,2873,3468,-1.670
86600,17000,0,2869,3483,-1.664
86700,17000,0,2883,3474,-1.668
86800,17000,0,2860,3482,-1.665
86900,17000,0,2844,3478,-1.666
87000,17000,0,2828,3480,-1.665
87100,17000,0,2819,3478,-1.666
87200,17000,0,2822,3481,-1.665
87300,17000,0,2917,3480,-1.665
87400,17000,0,2839,3496,-1.659
87500,17000,0,2879,3470,-1.669
87600,17000,0,2825,3480,-1.665
87700,17000,0,2798,3468,-1.670
87800,17000,0,2777,3487,-1.663
87900,17000,0,2773,3475,-1.667
88000,17000,0,2733,3476,-1.667
<DISCONNECTED>
