<CONNECTED>
113000,17000,0,6999,7878,0.021
113100,17000,0,6961,7883,0.023
113200,17000,0,6950,7896,0.028
113300,17000,0,6908,7894,0.027
113400,17000,0,6866,7867,0.017
113500,17000,0,6879,7885,0.024
113600,17000,0,6874,7886,0.024
113700,17000,0,6893,7874,0.020
113800,17000,0,6916,7882,0.023
113900,17000,0,6969,7889,0.025
114000,17000,0,6994,7894,0.027
114100,17000,0,6921,7894,0.027
114200,17000,0,6945,7864,0.016
114300,17000,0,6979,7869,0.018
114400,17000,0,6981,7885,0.024
114500,17000,0,6962,7901,0.030
114600,17000,0,6875,7879,0.022
114700,17000,0,6886,7896,0.028
114800,17000,0,6877,7882,0.023
114900,17000,0,6852,7898,0.029
115000,17000,0,6931,7886,0.024
115100,17000,0,6988,7887,0.025
115200,17000,0,6897,7875,0.020
115300,17000,0,6914,7888,0.025
115400,17000,0,6931,7877,0.021
115500,17000,0,6818,7888,0.025
115600,17000,0,6829,7879,0.022
115700,17000,0,6812,7881,0.022
115800,17000,0,6821,7886,0.024
115900,17000,0,6805,7888,0.025
116000,17000,0,6884,7887,0.025
116100,17000,0,6782,7879,0.022
116200,17000,0,6791,7906,0.032
116300,17000,0,6779,7893,0.027
116400,17000,0,6743,7889,0.025
116500,17000,0,7134,7870,0.018
116600,17000,0,7145,7896,0.028
116700,17000,0,7199,7879,0.022
116800,17000,0,7593,7873,0.019
116900,17000,0,9129,7882,0.023
117000,17000,0,9009,7890,0.026
117100,17000,0,8885,7908,0.033
117200,17000,0,8827,7891,0.026
117300,17000,0,8709,7884,0.023
117400,17000,0,8625,7879,0.022
<DISCONNECTED>


